48.032141 -19.987829
49.091900 -20.016045
50.207025 -20.003020
51.341832 -19.916975
52.460638 -19.726131
53.527757 -19.398709
54.507505 -18.902930
55.368572 -18.220672
56.097445 -17.389403
56.685277 -16.460551
57.134252 -15.471306
57.465363 -14.434576
57.701441 -13.360898
57.865318 -12.260807
57.979824 -11.144840
58.067792 -10.023533
58.150504 -8.906620
58.235856 -7.796889
58.324891 -6.693574
58.418595 -5.595879
58.517953 -4.503010
58.623952 -3.414171
58.737577 -2.328567
58.859815 -1.245401
58.991651 -0.163879
59.134072 0.916794
59.288063 1.997414
59.454610 3.078777
59.634700 4.161678
59.829318 5.246912
60.039451 6.335274
60.266084 7.427561
60.509941 8.524516
60.763498 9.625324
61.009533 10.727327
61.230271 11.827764
61.407933 12.923872
61.524745 14.012892
61.562928 15.092060
61.504707 16.158616
61.332305 17.209797
61.027945 18.242842
60.573942 19.254835
59.964472 20.222980
59.217110 21.085255
58.352171 21.777059
57.389971 22.271233
56.350828 22.573677
55.255065 22.691621
54.124557 22.665878
52.984493 22.609040
51.860486 22.642941
50.778150 22.870221
49.763099 23.293839
48.840947 23.884494
48.035838 24.613401
47.356186 25.457494
46.800869 26.397174
46.368634 27.412891
46.058224 28.485095
45.864042 29.594233
45.755394 30.720757
45.692588 31.845115
45.641032 32.951044
45.592283 34.039105
45.546244 35.115229
45.502823 36.185349
45.461927 37.255397
45.423463 38.331307
45.387337 39.419011
45.353456 40.524442
45.321728 41.653534
45.288270 42.808566
45.226817 43.970259
45.102923 45.111444
44.882128 46.204946
44.529973 47.223584
44.013962 48.141132
43.334354 48.947220
42.518475 49.644581
41.594460 50.236342
40.590445 50.725630
39.534568 51.115570
38.454269 51.409643
37.363902 51.618006
36.266160 51.756762
35.163326 51.842223
34.057687 51.890701
32.951526 51.918507
31.847130 51.941954
30.746781 51.977352
29.652177 52.038226
28.561136 52.119731
27.469907 52.209593
26.374736 52.295514
25.271897 52.365151
24.160713 52.401294
23.046142 52.377742
21.933978 52.267319
20.840991 52.042851
19.799539 51.677164
18.843107 51.143507
18.001717 50.437700
17.300278 49.588946
16.760625 48.629143
16.372225 47.590186
16.102969 46.503971
15.920459 45.402206
15.799177 44.304301
15.724595 43.210019
15.683170 42.117364
15.661357 41.024342
15.645613 39.928957
15.622394 38.829213
15.578796 37.723214
15.517060 36.611435
15.454794 35.496755
15.410297 34.382160
15.401867 33.270638
15.437898 32.165174
15.477303 31.068756
15.463566 29.984369
15.340334 28.915002
15.062231 27.863766
14.614084 26.847008
14.006447 25.905685
13.252513 25.083436
12.368806 24.415469
11.383596 23.907282
10.327737 23.557831
9.232082 23.366072
8.127415 23.330790
7.033850 23.425386
5.949657 23.571284
4.870434 23.684683
3.791777 23.728343
2.709284 23.726917
1.618551 23.709342
0.515175 23.704551
-0.603859 23.735528
-1.734356 23.794301
-2.869780 23.862864
-4.003595 23.923204
-5.129265 23.957312
-6.240254 23.947175
-7.330027 23.874782
-8.392046 23.721811
-9.419776 23.464562
-10.406681 23.074780
-11.344869 22.525549
-12.201385 21.817337
-12.921199 20.974734
-13.458843 20.023150
-13.833500 18.987999
-14.089348 17.894692
-14.271020 16.768633
-14.431493 15.635043
-14.631671 14.518968
-14.932752 13.445449
-15.379219 12.439525
-15.968288 11.526236
-16.688872 10.730623
-17.528736 10.073946
-18.469292 9.556616
-19.489778 9.171892
-20.569427 8.913026
-21.687474 8.773270
-22.823153 8.745876
-23.955697 8.824096
-25.064024 9.004483
-26.125074 9.304020
-27.115036 9.747494
-28.010457 10.357950
-28.794541 11.126039
-29.456337 12.013940
-29.985117 12.982882
-30.378369 14.001544
-30.654355 15.057437
-30.834571 16.141006
-30.940511 17.242692
-30.993671 18.352939
-31.013622 19.463345
-31.009339 20.571885
-30.986162 21.678718
-30.949430 22.784003
-30.904481 23.887902
-30.856651 24.990576
-30.811280 26.092185
-30.773704 27.192890
-30.749262 28.292851
-30.741700 29.392231
-30.744627 30.491189
-30.747675 31.589886
-30.740494 32.688483
-30.717129 33.787141
-30.680969 34.886020
-30.636596 35.985281
-30.588594 37.085086
-30.541547 38.185594
-30.500037 39.286967
-30.468648 40.389365
-30.451964 41.492949
-30.454584 42.597878
-30.486452 43.703658
-30.570459 44.808211
-30.731419 45.909015
-30.994144 46.992471
-31.383448 48.028657
-31.923828 48.986348
-32.621338 49.834728
-33.453733 50.543614
-34.396366 51.085451
-35.424590 51.465651
-36.513759 51.712427
-37.639242 51.854218
-38.777583 51.903022
-39.907264 51.843580
-41.006953 51.658073
-42.055317 51.328681
-43.031022 50.837584
-43.912737 50.174171
-44.679127 49.368195
-45.308918 48.463412
-45.794354 47.494458
-46.158519 46.475129
-46.428779 45.416330
-46.631170 44.328965
-46.783626 43.223939
-46.901008 42.112154
-46.995415 41.001820
-47.071517 39.893910
-47.132747 38.788195
-47.182541 37.684442
-47.224331 36.582423
-47.261554 35.481905
-47.297642 34.382657
-47.336031 33.284449
-47.380153 32.187051
-47.432229 31.090231
-47.490736 29.993758
-47.553432 28.897401
-47.618078 27.800930
-47.682432 26.704115
-47.744253 25.606723
-47.801299 24.508524
-47.851365 23.409291
-47.893683 22.308946
-47.929370 21.207605
-47.959673 20.105399
-47.985840 19.002458
-48.009119 17.898912
-48.030755 16.794892
-48.051997 15.690527
-48.074091 14.585948
-48.098285 13.481285
-48.125826 12.376668
-48.157961 11.272228
-48.195938 10.168094
-48.241002 9.064398
-48.294270 7.961269
-48.352581 6.858837
-48.407676 5.757233
-48.451000 4.656587
-48.473996 3.557029
-48.470551 2.458690
-48.449280 1.361699
-48.424296 0.266187
-48.409621 -0.827724
-48.413144 -1.920387
-48.433257 -3.012893
-48.467534 -4.106396
-48.513551 -5.202050
-48.568882 -6.301009
-48.631103 -7.404427
-48.697788 -8.513458
-48.766513 -9.629256
-48.834752 -10.752927
-48.891430 -11.881471
-48.910445 -13.004670
-48.864174 -14.111576
-48.724991 -15.191239
-48.465272 -16.232710
-48.057393 -17.225041
-47.480045 -18.155016
-46.747522 -18.996656
-45.886579 -19.719509
-44.923982 -20.293123
-43.886497 -20.687044
-42.800891 -20.870816
-41.692549 -20.838555
-40.578345 -20.735689
-39.472248 -20.759154
-38.394577 -20.990506
-37.371353 -21.407629
-36.428792 -21.984741
-35.591457 -22.698145
-34.880567 -23.528369
-34.316938 -24.456452
-33.917489 -25.463433
-33.673840 -26.530352
-33.567517 -27.638248
-33.580019 -28.768158
-33.692846 -29.901124
-33.891235 -31.017720
-34.183521 -32.095660
-34.586853 -33.111566
-35.118397 -34.042056
-35.794015 -34.864294
-36.607904 -35.564480
-37.536400 -36.136264
-38.555308 -36.573518
-39.640432 -36.870115
-40.767370 -37.028110
-41.910000 -37.117909
-43.041348 -37.243807
-44.134431 -37.484401
-45.162267 -37.859649
-46.097895 -38.381426
-46.920467 -39.052710
-47.623544 -39.855500
-48.202765 -40.768769
-48.653769 -41.771494
-48.972193 -42.842648
-49.153679 -43.961203
-49.195026 -45.104842
-49.095995 -46.247944
-48.856816 -47.364370
-48.477717 -48.427979
-47.958927 -49.412631
-47.302599 -50.292185
-46.521772 -51.040503
-45.633317 -51.631505
-44.654889 -52.054491
-43.605943 -52.334197
-42.506184 -52.500330
-41.375320 -52.582597
-40.233057 -52.610705
-39.099099 -52.614358
-37.987538 -52.616616
-36.895446 -52.620379
-35.816674 -52.624739
-34.745077 -52.628785
-33.674508 -52.631610
-32.598820 -52.632303
-31.511866 -52.629957
-30.407500 -52.623662
-29.279575 -52.612508
-28.127737 -52.590358
-26.971806 -52.532859
-25.835992 -52.411696
-24.744506 -52.198552
-23.721559 -51.865110
-22.791356 -51.383070
-21.972956 -50.736471
-21.270918 -49.944130
-20.687265 -49.030946
-20.224020 -48.021817
-19.883207 -46.941643
-19.666839 -45.815322
-19.559362 -44.667753
-19.491372 -43.523834
-19.383342 -42.408414
-19.173173 -41.340777
-18.831575 -40.329739
-18.332887 -39.382957
-17.660916 -38.511554
-16.842889 -37.742543
-15.918466 -37.107488
-14.926412 -36.636077
-13.889748 -36.325051
-12.818069 -36.143060
-11.720543 -36.057857
-10.606336 -36.037195
-9.484616 -36.048825
-8.364437 -36.060916
-7.250609 -36.057364
-6.142510 -36.042199
-5.039161 -36.020770
-3.939584 -35.998423
-2.842800 -35.980508
-1.747831 -35.972373
-0.653699 -35.979364
0.440575 -36.006831
1.535969 -36.059659
2.633461 -36.119507
3.734030 -36.134389
4.838653 -36.049681
5.942475 -35.820683
7.015968 -35.444621
8.023094 -34.929794
8.927813 -34.284504
9.694085 -33.517051
10.286138 -32.635789
10.695117 -31.654518
10.961664 -30.597049
11.131735 -29.488270
11.251288 -28.353068
11.366279 -27.216329
11.522494 -26.102742
11.760902 -25.031524
12.117153 -24.015835
12.626579 -23.068537
13.307503 -22.207349
14.135119 -21.462305
15.077887 -20.865361
16.104270 -20.443626
17.182726 -20.183551
18.281977 -20.051295
19.383102 -20.012790
20.484681 -20.033863
21.586621 -20.080336
22.688830 -20.119764
23.791215 -20.141357
24.893683 -20.148999
25.996142 -20.146856
27.098500 -20.139091
28.200693 -20.128861
29.302732 -20.116884
30.404639 -20.103511
31.506435 -20.089096
32.608140 -20.073993
33.709777 -20.058553
34.811367 -20.043130
35.912930 -20.028077
37.014489 -20.013746
38.116064 -20.000491
39.217677 -19.988664
40.319349 -19.978619
41.421101 -19.970708
42.522955 -19.965284
43.624932 -19.962700
44.727053 -19.963310
45.829340 -19.967465
46.931813 -19.975520
48.034495 -19.987826
